-2.731194598678869656e-02
-2.200245409556275400e-01
-1.956328240228731030e-01
-2.542298308644231675e+00
5.291868532355502482e-03
2.436062771367542901e+00
4.498202182282060035e-01
2.992796421051025391e+00
3.640136480331420898e+00
3.189146041870117188e+00
3.153864383697509766e+00
3.183010101318359375e+00
3.532757759094238281e+00
3.178408145904541016e+00
3.153864383697509766e+00
3.120116949081420898e+00
3.664680004119873047e+00
3.170738220214843750e+00
3.144660711288452148e+00
4.163223743438720703e+00
3.084835290908813477e+00
3.923922777175903320e+00
2.891553878784179688e+00
