-2.237249696746777816e-01
2.400706486068480972e-01
-2.383300617032666491e-01
-2.290021067384357067e+00
3.035133715138058630e-01
2.498164992228627312e+00
8.012695966676744996e-01
2.465107202529907227e+00
3.788932561874389648e+00
4.575864791870117188e+00
2.765767335891723633e+00
3.166136264801025391e+00
3.652408361434936523e+00
3.170738220214843750e+00
3.152330636978149414e+00
3.130854845046997070e+00
3.707631587982177734e+00
3.172272205352783203e+00
3.146194696426391602e+00
4.730796813964843750e+00
2.686000347137451172e+00
4.175495624542236328e+00
2.400679826736450195e+00
