6.391734687276232063e-02
-6.601056727057326157e-01
-2.123946976638142400e-02
-2.927322500078080925e+00
2.309665204013545622e-02
2.464268614896444998e+00
8.777207774262617557e-01
2.939107179641723633e+00
3.859495639801025391e+00
3.184544086456298828e+00
3.158466339111328125e+00
3.048019886016845703e+00
3.756718873977661133e+00
3.178408145904541016e+00
3.155398368835449219e+00
3.018874168395996094e+00
3.827281951904296875e+00
3.178408145904541016e+00
3.147728681564331055e+00
3.399301528930664062e+00
3.103243112564086914e+00
3.899379253387451172e+00
2.890019893646240234e+00
