-1.594898323539321039e-01
5.138825715167069097e-01
-2.303711631778071478e-01
-1.906774543154845736e+00
3.516602713772171152e-01
2.514109034551357258e+00
1.025688409386042999e+00
2.405281782150268555e+00
3.755184888839721680e+00
4.614214420318603516e+00
2.765767335891723633e+00
3.236699581146240234e+00
3.601786851882934570e+00
3.173806190490722656e+00
3.153864383697509766e+00
3.244369268417358398e+00
3.667747974395751953e+00
3.172272205352783203e+00
3.143126726150512695e+00
4.753806591033935547e+00
2.679864406585693359e+00
4.200039386749267578e+00
2.399145841598510742e+00
